keys: ['Transformation', 'Essential', 'Fundamental', 'MeanError', 'SquareSize', 'BoardSize', 'Objpoints', 'L_Intrinsic', 'L_Distortion', 'L_DistortionROI', 'L_DistortionIntrinsic', 'L_RotVektor', 'L_RotMatrix', 'L_Extrinsics', 'L_TransVektor', 'L_Errors', 'L_MeanError', 'R_Intrinsic', 'R_Distortion', 'R_DistortionROI', 'R_DistortionIntrinsic', 'R_RotVektor', 'R_RotMatrix', 'R_Extrinsics', 'R_TransVektor', 'R_Errors', 'R_MeanError', 'L_Imgpoints', 'R_Imgpoints']
--- Transformation ---
shape: (4, 4)
dtype: float64
values:
[[ 9.99371810e-01  7.63663948e-03 -3.46073196e-02  1.89736261e+02]
 [-8.56808784e-03  9.99602837e-01 -2.68468918e-02 -4.52649875e+00]
 [ 3.43885548e-02  2.71265454e-02  9.99040328e-01  4.79116498e+00]
 [ 0.00000000e+00  0.00000000e+00  0.00000000e+00  1.00000000e+00]]
--- Essential ---
shape: (3, 3)
dtype: float64
values:
[[-1.14608628e-01 -4.91205039e+00 -4.39352691e+00]
 [-1.73660059e+00 -5.11030089e+00 -1.89719986e+02]
 [ 2.89797830e+00  1.89695472e+02 -5.25047885e+00]]
--- Fundamental ---
shape: (3, 3)
dtype: float64
values:
[[ 4.11195542e-08  1.73559212e-06  6.14247869e-04]
 [ 6.14010055e-07  1.77940901e-06  4.73113585e-02]
 [-9.51668514e-04 -4.97981961e-02  1.00000000e+00]]
--- MeanError ---
shape: ()
dtype: float64
values:
0.2100143001671331
--- SquareSize ---
shape: ()
dtype: int64
values:
30
--- BoardSize ---
shape: (2,)
dtype: int64
values:
[11  7]
--- Objpoints ---
shape: (77, 3)
dtype: float32
values:
[[  0.   0.   0.]
 [ 30.   0.   0.]
 [ 60.   0.   0.]
 [ 90.   0.   0.]
 [120.   0.   0.]
 [150.   0.   0.]
 [180.   0.   0.]
 [210.   0.   0.]
 [240.   0.   0.]
 [270.   0.   0.]
 [300.   0.   0.]
 [  0.  30.   0.]
 [ 30.  30.   0.]
 [ 60.  30.   0.]
 [ 90.  30.   0.]
 [120.  30.   0.]
 [150.  30.   0.]
 [180.  30.   0.]
 [210.  30.   0.]
 [240.  30.   0.]
 [270.  30.   0.]
 [300.  30.   0.]
 [  0.  60.   0.]
 [ 30.  60.   0.]
 [ 60.  60.   0.]
 [ 90.  60.   0.]
 [120.  60.   0.]
 [150.  60.   0.]
 [180.  60.   0.]
 [210.  60.   0.]
 [240.  60.   0.]
 [270.  60.   0.]
 [300.  60.   0.]
 [  0.  90.   0.]
 [ 30.  90.   0.]
 [ 60.  90.   0.]
 [ 90.  90.   0.]
 [120.  90.   0.]
 [150.  90.   0.]
 [180.  90.   0.]
 [210.  90.   0.]
 [240.  90.   0.]
 [270.  90.   0.]
 [300.  90.   0.]
 [  0. 120.   0.]
 [ 30. 120.   0.]
 [ 60. 120.   0.]
 [ 90. 120.   0.]
 [120. 120.   0.]
 [150. 120.   0.]
 [180. 120.   0.]
 [210. 120.   0.]
 [240. 120.   0.]
 [270. 120.   0.]
 [300. 120.   0.]
 [  0. 150.   0.]
 [ 30. 150.   0.]
 [ 60. 150.   0.]
 [ 90. 150.   0.]
 [120. 150.   0.]
 [150. 150.   0.]
 [180. 150.   0.]
 [210. 150.   0.]
 [240. 150.   0.]
 [270. 150.   0.]
 [300. 150.   0.]
 [  0. 180.   0.]
 [ 30. 180.   0.]
 [ 60. 180.   0.]
 [ 90. 180.   0.]
 [120. 180.   0.]
 [150. 180.   0.]
 [180. 180.   0.]
 [210. 180.   0.]
 [240. 180.   0.]
 [270. 180.   0.]
 [300. 180.   0.]]
--- L_Intrinsic ---
shape: (3, 3)
dtype: float64
values:
[[717.67713222   0.         524.32800179]
 [  0.         728.74457604 285.48227469]
 [  0.           0.           1.        ]]
--- L_Distortion ---
shape: (1, 5)
dtype: float64
values:
[[ 0.03202285 -0.17513817  0.00090401  0.00048527  0.19902392]]
--- L_DistortionROI ---
shape: (4,)
dtype: int64
values:
[   4    2 1017  571]
--- L_DistortionIntrinsic ---
shape: (3, 3)
dtype: float64
values:
[[714.94372559   0.         524.19888005]
 [  0.         724.9397583  285.49827292]
 [  0.           0.           1.        ]]
--- L_RotVektor ---
shape: (20, 3, 1)
dtype: float64
values:
[[[-0.03819959]
  [ 0.00714082]
  [ 0.02126031]]

 [[-0.03119737]
  [ 0.0022699 ]
  [-0.21851191]]

 [[-0.03083435]
  [-0.00640113]
  [-0.04943722]]

 [[ 0.01909491]
  [-0.00298741]
  [-0.00943903]]

 [[-0.04761154]
  [-0.03543318]
  [ 0.07786562]]

 [[-0.03843398]
  [-0.03085565]
  [ 0.02916597]]

 [[ 0.0278934 ]
  [ 0.00643355]
  [-0.02963091]]

 [[-0.03926426]
  [-0.08292369]
  [-0.0662215 ]]

 [[ 0.08769921]
  [-0.00311309]
  [-0.18019464]]

 [[-0.18372437]
  [ 0.00354344]
  [-0.05419729]]

 [[ 0.08417739]
  [ 0.01386502]
  [ 0.04550631]]

 [[ 0.00229549]
  [-0.05576455]
  [-0.02293273]]

 [[-0.03520831]
  [-0.08073585]
  [ 0.09357397]]

 [[-0.03304825]
  [-0.16198757]
  [ 0.03004401]]

 [[ 0.13872808]
  [ 0.06811439]
  [-0.0298463 ]]

 [[-0.03385273]
  [-0.15550267]
  [ 0.03529217]]

 [[ 0.01993108]
  [ 0.00499157]
  [-0.00341215]]

 [[ 0.23158586]
  [-0.00517853]
  [-0.08826335]]

 [[ 0.18074138]
  [-0.00194915]
  [-0.07442381]]

 [[ 0.05412843]
  [-0.0973086 ]
  [-0.02358967]]]
--- L_RotMatrix ---
shape: (20, 3, 3)
dtype: float64
values:
[[[ 0.99974855 -0.02138973  0.00673248]
  [ 0.02111699  0.99904455  0.03826299]
  [-0.00754448 -0.0381112   0.99924502]]

 [[ 0.97622049  0.21670643  0.00564619]
  [-0.21677696  0.97573839  0.03069764]
  [ 0.00114317 -0.03119162  0.99951277]]

 [[ 0.99875785  0.04950757 -0.0056355 ]
  [-0.04931026  0.99830309  0.03097488]
  [ 0.00715943 -0.03065852  0.99950428]]

 [[ 0.99995099  0.00940978 -0.0030773 ]
  [-0.00946682  0.99977315 -0.01907934]
  [ 0.00289706  0.01910754  0.99981324]]

 [[ 0.99634364 -0.07689845 -0.03722877]
  [ 0.07858413  0.99583837  0.04615711]
  [ 0.03352443 -0.04891393  0.99824022]]

 [[ 0.99909888 -0.02855724 -0.03139912]
  [ 0.02974282  0.99883641  0.03796313]
  [ 0.03027846 -0.03886282  0.99878571]]

 [[ 0.99954037  0.02971224  0.00601854]
  [-0.02953281  0.9991721  -0.02798081]
  [-0.00684493  0.0277902   0.99959034]]

 [[ 0.99437519  0.06770651 -0.08144817]
  [-0.06445405  0.99703968  0.04192327]
  [ 0.08404553 -0.0364378   0.99579548]]

 [[ 0.98381439  0.17885457 -0.01096734]
  [-0.17912668  0.9799865  -0.08683369]
  [-0.00478276  0.08739277  0.99616245]]

 [[ 0.99852955  0.05354184  0.00848528]
  [-0.05419087  0.98171005  0.18250678]
  [ 0.00144167 -0.18269824  0.98316798]]

 [[ 0.99886935 -0.04485233  0.01575724]
  [ 0.04601854  0.99542524 -0.08373107]
  [-0.01192962  0.08436152  0.9963638 ]]

 [[ 0.99818275  0.02285484 -0.05575703]
  [-0.02298281  0.99973449 -0.00165487]
  [ 0.0557044   0.00293332  0.998443  ]]

 [[ 0.99237332 -0.0918973  -0.08215884]
  [ 0.09473597  0.99500902  0.03133929]
  [ 0.07886879 -0.03888367  0.99612638]]

 [[ 0.98646059 -0.02723242 -0.16172165]
  [ 0.03257324  0.99900493  0.0304653 ]
  [ 0.16073108 -0.03532061  0.98636604]]

 [[ 0.99724052  0.03443815  0.06576749]
  [-0.02500827  0.98995263 -0.13917033]
  [-0.06989946  0.13714156  0.98808211]]

 [[ 0.98731482 -0.03250981 -0.15541094]
  [ 0.03776235  0.99880687  0.03096506]
  [ 0.15421885 -0.03644095  0.98736447]]

 [[ 0.99998172  0.00346164  0.00495721]
  [-0.00336216  0.99979556 -0.01993816]
  [-0.00502521  0.01992113  0.99978893]]

 [[ 0.99611136  0.08676559 -0.0152937 ]
  [-0.08795874  0.96944573 -0.22899398]
  [-0.00504239  0.22944871  0.97330769]]

 [[ 0.99723746  0.07377517 -0.0086411 ]
  [-0.07412634  0.98095758 -0.17952025]
  [-0.00476758  0.17966485  0.98371633]]

 [[ 0.99499269  0.02090803 -0.09773637]
  [-0.02616951  0.9982587  -0.05286513]
  [ 0.09646087  0.05515814  0.99380726]]]
--- L_Extrinsics ---
shape: (20, 4, 4)
dtype: float64
values:
[[[ 9.99748545e-01 -2.13897260e-02  6.73248065e-03 -2.74730832e+02]
  [ 2.11169943e-02  9.99044552e-01  3.82629926e-02 -1.20779095e+02]
  [-7.54448304e-03 -3.81112015e-02  9.99245024e-01  5.41730506e+02]
  [ 0.00000000e+00  0.00000000e+00  0.00000000e+00  1.00000000e+00]]

 [[ 9.76220489e-01  2.16706431e-01  5.64619287e-03 -2.64084185e+02]
  [-2.16776959e-01  9.75738390e-01  3.06976352e-02 -6.97631644e+01]
  [ 1.14316783e-03 -3.11916250e-02  9.99512769e-01  5.39492820e+02]
  [ 0.00000000e+00  0.00000000e+00  0.00000000e+00  1.00000000e+00]]

 [[ 9.98757849e-01  4.95075748e-02 -5.63550420e-03 -2.64091555e+02]
  [-4.93102566e-02  9.98303088e-01  3.09748793e-02 -9.52439788e+01]
  [ 7.15943240e-03 -3.06585157e-02  9.99504276e-01  5.28746612e+02]
  [ 0.00000000e+00  0.00000000e+00  0.00000000e+00  1.00000000e+00]]

 [[ 9.99950992e-01  9.40977679e-03 -3.07729519e-03 -2.49400402e+02]
  [-9.46681894e-03  9.99773153e-01 -1.90793431e-02 -1.10091017e+02]
  [ 2.89706476e-03  1.91075402e-02  9.99813237e-01  5.24068973e+02]
  [ 0.00000000e+00  0.00000000e+00  0.00000000e+00  1.00000000e+00]]

 [[ 9.96343639e-01 -7.68984470e-02 -3.72287725e-02 -2.40943390e+02]
  [ 7.85841283e-02  9.95838369e-01  4.61571062e-02 -1.38140058e+02]
  [ 3.35244303e-02 -4.89139298e-02  9.98240222e-01  5.27189554e+02]
  [ 0.00000000e+00  0.00000000e+00  0.00000000e+00  1.00000000e+00]]

 [[ 9.99098884e-01 -2.85572397e-02 -3.13991159e-02 -2.46844470e+02]
  [ 2.97428212e-02  9.98836406e-01  3.79631327e-02 -1.25034509e+02]
  [ 3.02784578e-02 -3.88628218e-02  9.98785711e-01  5.27705650e+02]
  [ 0.00000000e+00  0.00000000e+00  0.00000000e+00  1.00000000e+00]]

 [[ 9.99540374e-01  2.97122430e-02  6.01853812e-03 -2.49515911e+02]
  [-2.95328147e-02  9.99172101e-01 -2.79808081e-02 -8.69786311e+01]
  [-6.84492794e-03  2.77902030e-02  9.99590342e-01  5.25207009e+02]
  [ 0.00000000e+00  0.00000000e+00  0.00000000e+00  1.00000000e+00]]

 [[ 9.94375193e-01  6.77065115e-02 -8.14481690e-02 -2.58025879e+02]
  [-6.44540463e-02  9.97039676e-01  4.19232703e-02 -9.25574625e+01]
  [ 8.40455344e-02 -3.64377959e-02  9.95795479e-01  5.09014888e+02]
  [ 0.00000000e+00  0.00000000e+00  0.00000000e+00  1.00000000e+00]]

 [[ 9.83814393e-01  1.78854573e-01 -1.09673359e-02 -2.78688733e+02]
  [-1.79126676e-01  9.79986502e-01 -8.68336852e-02 -8.21555901e+01]
  [-4.78276059e-03  8.73927717e-02  9.96162451e-01  5.11660019e+02]
  [ 0.00000000e+00  0.00000000e+00  0.00000000e+00  1.00000000e+00]]

 [[ 9.98529555e-01  5.35418378e-02  8.48527563e-03 -2.62209446e+02]
  [-5.41908654e-02  9.81710052e-01  1.82506779e-01 -1.33667417e+02]
  [ 1.44166800e-03 -1.82698238e-01  9.83167979e-01  5.32730656e+02]
  [ 0.00000000e+00  0.00000000e+00  0.00000000e+00  1.00000000e+00]]

 [[ 9.98869350e-01 -4.48523312e-02  1.57572399e-02 -2.64502703e+02]
  [ 4.60185438e-02  9.95425237e-01 -8.37310676e-02 -1.41885488e+02]
  [-1.19296207e-02  8.43615223e-02  9.96363798e-01  5.13495866e+02]
  [ 0.00000000e+00  0.00000000e+00  0.00000000e+00  1.00000000e+00]]

 [[ 9.98182754e-01  2.28548376e-02 -5.57570260e-02 -2.85719509e+02]
  [-2.29828055e-02  9.99734491e-01 -1.65486988e-03 -8.36833291e+01]
  [ 5.57044002e-02  2.93331546e-03  9.98442996e-01  5.08784358e+02]
  [ 0.00000000e+00  0.00000000e+00  0.00000000e+00  1.00000000e+00]]

 [[ 9.92373322e-01 -9.18973043e-02 -8.21588428e-02 -2.36479906e+02]
  [ 9.47359669e-02  9.95009018e-01  3.13392891e-02 -8.56719938e+01]
  [ 7.88687933e-02 -3.88836718e-02  9.96126384e-01  5.09419515e+02]
  [ 0.00000000e+00  0.00000000e+00  0.00000000e+00  1.00000000e+00]]

 [[ 9.86460594e-01 -2.72324191e-02 -1.61721648e-01 -2.56114442e+02]
  [ 3.25732412e-02  9.99004930e-01  3.04652962e-02 -8.54019739e+01]
  [ 1.60731080e-01 -3.53206125e-02  9.86366045e-01  4.80032386e+02]
  [ 0.00000000e+00  0.00000000e+00  0.00000000e+00  1.00000000e+00]]

 [[ 9.97240518e-01  3.44381549e-02  6.57674857e-02 -2.31095699e+02]
  [-2.50082694e-02  9.89952629e-01 -1.39170326e-01 -6.12925183e+01]
  [-6.98994646e-02  1.37141557e-01  9.88082111e-01  4.94820304e+02]
  [ 0.00000000e+00  0.00000000e+00  0.00000000e+00  1.00000000e+00]]

 [[ 9.87314819e-01 -3.25098070e-02 -1.55410940e-01 -2.06735183e+02]
  [ 3.77623501e-02  9.98806873e-01  3.09650604e-02 -7.87316279e+01]
  [ 1.54218847e-01 -3.64409453e-02  9.87364474e-01  4.82219054e+02]
  [ 0.00000000e+00  0.00000000e+00  0.00000000e+00  1.00000000e+00]]

 [[ 9.99981721e-01  3.46164427e-03  4.95720834e-03 -2.75118211e+02]
  [-3.36216043e-03  9.99795562e-01 -1.99381582e-02 -1.16574029e+02]
  [-5.02521371e-03  1.99211268e-02  9.99788926e-01  5.26696409e+02]
  [ 0.00000000e+00  0.00000000e+00  0.00000000e+00  1.00000000e+00]]

 [[ 9.96111357e-01  8.67655933e-02 -1.52936992e-02 -2.63706180e+02]
  [-8.79587389e-02  9.69445728e-01 -2.28993975e-01 -8.59720121e+01]
  [-5.04238675e-03  2.29448714e-01  9.73307691e-01  4.77818303e+02]
  [ 0.00000000e+00  0.00000000e+00  0.00000000e+00  1.00000000e+00]]

 [[ 9.97237462e-01  7.37751694e-02 -8.64109967e-03 -2.48972853e+02]
  [-7.41263405e-02  9.80957576e-01 -1.79520247e-01 -9.20757841e+01]
  [-4.76758445e-03  1.79664849e-01  9.83716327e-01  4.89051965e+02]
  [ 0.00000000e+00  0.00000000e+00  0.00000000e+00  1.00000000e+00]]

 [[ 9.94992692e-01  2.09080313e-02 -9.77363676e-02 -2.51762635e+02]
  [-2.61695092e-02  9.98258701e-01 -5.28651348e-02 -1.27546854e+02]
  [ 9.64608735e-02  5.51581355e-02  9.93807265e-01  4.82506186e+02]
  [ 0.00000000e+00  0.00000000e+00  0.00000000e+00  1.00000000e+00]]]
--- L_TransVektor ---
shape: (20, 3, 1)
dtype: float64
values:
[[[-274.73083237]
  [-120.7790946 ]
  [ 541.73050617]]

 [[-264.08418471]
  [ -69.76316437]
  [ 539.49281983]]

 [[-264.09155533]
  [ -95.24397882]
  [ 528.74661174]]

 [[-249.40040232]
  [-110.09101695]
  [ 524.06897262]]

 [[-240.94338961]
  [-138.14005816]
  [ 527.18955371]]

 [[-246.84447024]
  [-125.03450895]
  [ 527.70565024]]

 [[-249.5159115 ]
  [ -86.97863108]
  [ 525.20700875]]

 [[-258.02587897]
  [ -92.55746253]
  [ 509.01488802]]

 [[-278.6887329 ]
  [ -82.15559013]
  [ 511.66001899]]

 [[-262.20944638]
  [-133.66741676]
  [ 532.73065595]]

 [[-264.50270325]
  [-141.88548781]
  [ 513.49586587]]

 [[-285.71950858]
  [ -83.6833291 ]
  [ 508.78435835]]

 [[-236.479906  ]
  [ -85.67199383]
  [ 509.41951491]]

 [[-256.11444236]
  [ -85.4019739 ]
  [ 480.03238585]]

 [[-231.09569908]
  [ -61.29251825]
  [ 494.82030391]]

 [[-206.73518299]
  [ -78.73162794]
  [ 482.21905367]]

 [[-275.11821066]
  [-116.57402893]
  [ 526.69640874]]

 [[-263.70618043]
  [ -85.97201215]
  [ 477.81830259]]

 [[-248.97285315]
  [ -92.07578412]
  [ 489.05196525]]

 [[-251.76263497]
  [-127.54685431]
  [ 482.50618601]]]
--- L_Errors ---
shape: (20,)
dtype: float32
values:
[0.18173766 0.15241125 0.17501296 0.1888352  0.2258502  0.20283115
 0.19295324 0.18363322 0.17065269 0.19370037 0.18050319 0.163493
 0.26314017 0.16739756 0.23823848 0.18511528 0.19149353 0.1724736
 0.16660461 0.19587897]
--- L_MeanError ---
shape: ()
dtype: float32
values:
0.19136784970760345
--- R_Intrinsic ---
shape: (3, 3)
dtype: float64
values:
[[721.88057791   0.         513.97875605]
 [  0.         732.52238649 293.09503537]
 [  0.           0.           1.        ]]
--- R_Distortion ---
shape: (1, 5)
dtype: float64
values:
[[ 0.00878113 -0.12596223 -0.00143747  0.00142956  0.18402501]]
--- R_DistortionROI ---
shape: (4,)
dtype: int64
values:
[   5    3 1014  569]
--- R_DistortionIntrinsic ---
shape: (3, 3)
dtype: float64
values:
[[718.26885986   0.         514.96324391]
 [  0.         726.64526367 291.77961604]
 [  0.           0.           1.        ]]
--- R_RotVektor ---
shape: (20, 3, 1)
dtype: float64
values:
[[[-0.0076297 ]
  [-0.02732546]
  [ 0.01285803]]

 [[-0.0086659 ]
  [-0.03059422]
  [-0.22730721]]

 [[ 0.00030181]
  [-0.0402195 ]
  [-0.05805878]]

 [[ 0.05017909]
  [-0.03762803]
  [-0.01706199]]

 [[-0.01396145]
  [-0.06946948]
  [ 0.0688044 ]]

 [[-0.00656189]
  [-0.06526062]
  [ 0.02023282]]

 [[ 0.05759778]
  [-0.02688064]
  [-0.03670595]]

 [[-0.01613541]
  [-0.11774067]
  [-0.07664625]]

 [[ 0.11466743]
  [-0.03875315]
  [-0.1869972 ]]

 [[-0.15508431]
  [-0.02667001]
  [-0.06458595]]

 [[ 0.11935022]
  [-0.02136087]
  [ 0.03929007]]

 [[ 0.02949186]
  [-0.09321467]
  [-0.03237969]]

 [[-0.00602915]
  [-0.11478397]
  [ 0.08376697]]

 [[-0.01040725]
  [-0.19870985]
  [ 0.01872505]]

 [[ 0.16621577]
  [ 0.03421839]
  [-0.03452346]]

 [[-0.01185345]
  [-0.19105942]
  [ 0.02433435]]

 [[ 0.05198656]
  [-0.03105493]
  [-0.01112689]]

 [[ 0.25937052]
  [-0.03887332]
  [-0.09250835]]

 [[ 0.20953102]
  [-0.03573228]
  [-0.07950312]]

 [[ 0.08538254]
  [-0.13335511]
  [-0.03188044]]]
--- R_RotMatrix ---
shape: (20, 3, 3)
dtype: float64
values:
[[[ 9.99544032e-01 -1.27517177e-02 -2.73700878e-02]
  [ 1.29601859e-02  9.99888238e-01  7.45280482e-03]
  [ 2.72719929e-02 -7.80412800e-03  9.99597586e-01]]

 [[ 9.73812977e-01  2.25448696e-01 -2.93457194e-02]
  [-2.25184731e-01  9.74241545e-01  1.20519249e-02]
  [ 3.13069098e-02 -5.12811291e-03  9.99496663e-01]]

 [[ 9.97506822e-01  5.80044512e-02 -4.01948295e-02]
  [-5.80165849e-02  9.98315244e-01  8.65501508e-04]
  [ 4.01773140e-02  1.46862308e-03  9.99191486e-01]]

 [[ 9.99146810e-01  1.61062443e-02 -3.80294693e-02]
  [-1.79937201e-02  9.98595968e-01 -4.98228719e-02]
  [ 3.71736153e-02  5.04646552e-02  9.98033787e-01]]

 [[ 9.95223858e-01 -6.82080322e-02 -6.98365075e-02]
  [ 6.91771390e-02  9.97537519e-01  1.15508059e-02]
  [ 6.88766787e-02 -1.63267274e-02  9.97491574e-01]]

 [[ 9.97666759e-01 -2.00029022e-02 -6.52757412e-02]
  [ 2.04309673e-02  9.99773876e-01  5.89679833e-03]
  [ 6.51430277e-02 -7.21668621e-03  9.97849841e-01]]

 [[ 9.98965517e-01  3.58992188e-02 -2.79131272e-02]
  [-3.74467890e-02  9.97668631e-01 -5.70529558e-02]
  [ 2.57998948e-02  5.80391925e-02  9.97980870e-01]]

 [[ 9.90147679e-01  7.73393558e-02 -1.16731302e-01]
  [-7.54427254e-02  9.96937609e-01  2.05863630e-02]
  [ 1.17965961e-01 -1.15770120e-02  9.92950152e-01]]

 [[ 9.81840394e-01  1.83241926e-01 -4.91104555e-02]
  [-1.87667307e-01  9.76041027e-01 -1.10113106e-01]
  [ 2.77564819e-02  1.17329922e-01  9.92705025e-01]]

 [[ 9.97564563e-01  6.63380184e-02 -2.15455158e-02]
  [-6.22118814e-02  9.85922748e-01  1.55196705e-01]
  [ 3.15376560e-02 -1.53478346e-01  9.87648608e-01]]

 [[ 9.99001355e-01 -4.04567680e-02 -1.89616149e-02]
  [ 3.79107929e-02  9.92116588e-01 -1.19446423e-01]
  [ 2.36445489e-02  1.18608289e-01  9.92659564e-01]]

 [[ 9.95135593e-01  3.09491554e-02 -9.35270117e-02]
  [-3.36958002e-02  9.99041740e-01 -2.79319526e-02]
  [ 9.25729182e-02  3.09475477e-02  9.95224851e-01]]

 [[ 9.89920875e-01 -8.31393977e-02 -1.14649469e-01]
  [ 8.38302818e-02  9.96479313e-01  1.20939069e-03]
  [ 1.14145276e-01 -1.08082984e-02  9.93405273e-01]]

 [[ 9.80148097e-01 -1.75700612e-02 -1.97486709e-01]
  [ 1.96312102e-02  9.99771294e-01  8.48386468e-03]
  [ 1.97292481e-01 -1.21923469e-02  9.80268853e-01]]

 [[ 9.98821566e-01  3.71878790e-02  3.11856013e-02]
  [-3.15144430e-02  9.85626201e-01 -1.65975396e-01]
  [-3.69096187e-02  1.64797008e-01  9.85636660e-01]]

 [[ 9.81509552e-01 -2.30547615e-02 -1.90019676e-01]
  [ 2.53124565e-02  9.99634803e-01  9.46257725e-03]
  [ 1.89732124e-01 -1.40974748e-02  9.81734680e-01]]

 [[ 9.99456064e-01  1.03128957e-02 -3.13244430e-02]
  [-1.19268245e-02  9.98587242e-01 -5.17809997e-02]
  [ 3.07461770e-02  5.21264353e-02  9.98167074e-01]]

 [[ 9.94997899e-01  8.63116026e-02 -5.02940147e-02]
  [-9.63293803e-02  9.62328311e-01 -2.54253559e-01]
  [ 2.64543221e-02  2.57826548e-01  9.65828991e-01]]

 [[ 9.96217505e-01  7.50949871e-02 -4.37198567e-02]
  [-8.25499302e-02  9.74995592e-01 -2.06322818e-01]
  [ 2.71328582e-02  2.09151474e-01  9.77506762e-01]]

 [[ 9.90620446e-01  2.60612618e-02 -1.34134049e-01]
  [-3.74227252e-02  9.95855752e-01 -8.28906553e-02]
  [ 1.31417929e-01  8.71328396e-02  9.87490352e-01]]]
--- R_Extrinsics ---
shape: (20, 4, 4)
dtype: float64
values:
[[[ 9.99544032e-01 -1.27517177e-02 -2.73700878e-02 -1.04494695e+02]
  [ 1.29601859e-02  9.99888238e-01  7.45280482e-03 -1.37464150e+02]
  [ 2.72719929e-02 -7.80412800e-03  9.99597586e-01  5.33314252e+02]
  [ 0.00000000e+00  0.00000000e+00  0.00000000e+00  1.00000000e+00]]

 [[ 9.73812977e-01  2.25448696e-01 -2.93457194e-02 -9.33470535e+01]
  [-2.25184731e-01  9.74241545e-01  1.20519249e-02 -8.64948351e+01]
  [ 3.13069098e-02 -5.12811291e-03  9.99496663e-01  5.33087379e+02]
  [ 0.00000000e+00  0.00000000e+00  0.00000000e+00  1.00000000e+00]]

 [[ 9.97506822e-01  5.80044512e-02 -4.01948295e-02 -9.31986359e+01]
  [-5.80165849e-02  9.98315244e-01  8.65501508e-04 -1.11657492e+02]
  [ 4.01773140e-02  1.46862308e-03  9.99191486e-01  5.21205149e+02]
  [ 0.00000000e+00  0.00000000e+00  0.00000000e+00  1.00000000e+00]]

 [[ 9.99146810e-01  1.61062443e-02 -3.80294693e-02 -7.85015066e+01]
  [-1.79937201e-02  9.98595968e-01 -4.98228719e-02 -1.26481428e+02]
  [ 3.71736153e-02  5.04646552e-02  9.98033787e-01  5.16637323e+02]
  [ 0.00000000e+00  0.00000000e+00  0.00000000e+00  1.00000000e+00]]

 [[ 9.95223858e-01 -6.82080322e-02 -6.98365075e-02 -7.03589226e+01]
  [ 6.91771390e-02  9.97537519e-01  1.15508059e-02 -1.54697684e+02]
  [ 6.88766787e-02 -1.63267274e-02  9.97491574e-01  5.19576228e+02]
  [ 0.00000000e+00  0.00000000e+00  0.00000000e+00  1.00000000e+00]]

 [[ 9.97666759e-01 -2.00029022e-02 -6.52757412e-02 -7.61664558e+01]
  [ 2.04309673e-02  9.99773876e-01  5.89679833e-03 -1.41577941e+02]
  [ 6.51430277e-02 -7.21668621e-03  9.97849841e-01  5.20021419e+02]
  [ 0.00000000e+00  0.00000000e+00  0.00000000e+00  1.00000000e+00]]

 [[ 9.98965517e-01  3.58992188e-02 -2.79131272e-02 -7.84219555e+01]
  [-3.74467890e-02  9.97668631e-01 -5.70529558e-02 -1.03491221e+02]
  [ 2.57998948e-02  5.80391925e-02  9.97980870e-01  5.18505826e+02]
  [ 0.00000000e+00  0.00000000e+00  0.00000000e+00  1.00000000e+00]]

 [[ 9.90147679e-01  7.73393558e-02 -1.16731302e-01 -8.64841193e+01]
  [-7.54427254e-02  9.96937609e-01  2.05863630e-02 -1.08498129e+02]
  [ 1.17965961e-01 -1.15770120e-02  9.92950152e-01  5.02143624e+02]
  [ 0.00000000e+00  0.00000000e+00  0.00000000e+00  1.00000000e+00]]

 [[ 9.81840394e-01  1.83241926e-01 -4.91104555e-02 -1.07117621e+02]
  [-1.87667307e-01  9.76041027e-01 -1.10113106e-01 -9.80178167e+01]
  [ 2.77564819e-02  1.17329922e-01  9.92705025e-01  5.03867570e+02]
  [ 0.00000000e+00  0.00000000e+00  0.00000000e+00  1.00000000e+00]]

 [[ 9.97564563e-01  6.63380184e-02 -2.15455158e-02 -9.17204757e+01]
  [-6.22118814e-02  9.85922748e-01  1.55196705e-01 -1.50345299e+02]
  [ 3.15376560e-02 -1.53478346e-01  9.87648608e-01  5.25281928e+02]
  [ 0.00000000e+00  0.00000000e+00  0.00000000e+00  1.00000000e+00]]

 [[ 9.99001355e-01 -4.04567680e-02 -1.89616149e-02 -9.34833413e+01]
  [ 3.79107929e-02  9.92116588e-01 -1.19446423e-01 -1.57814832e+02]
  [ 2.36445489e-02  1.18608289e-01  9.92659564e-01  5.04359408e+02]
  [ 0.00000000e+00  0.00000000e+00  0.00000000e+00  1.00000000e+00]]

 [[ 9.95135593e-01  3.09491554e-02 -9.35270117e-02 -1.14029839e+02]
  [-3.36958002e-02  9.99041740e-01 -2.79319526e-02 -9.92534445e+01]
  [ 9.25729182e-02  3.09475477e-02  9.95224851e-01  5.00268170e+02]
  [ 0.00000000e+00  0.00000000e+00  0.00000000e+00  1.00000000e+00]]

 [[ 9.89920875e-01 -8.31393977e-02 -1.14649469e-01 -6.48918337e+01]
  [ 8.38302818e-02  9.96479313e-01  1.20939069e-03 -1.01711914e+02]
  [ 1.14145276e-01 -1.08082984e-02  9.93405273e-01  5.02788075e+02]
  [ 0.00000000e+00  0.00000000e+00  0.00000000e+00  1.00000000e+00]]

 [[ 9.80148097e-01 -1.75700612e-02 -1.97486709e-01 -8.33826486e+01]
  [ 1.96312102e-02  9.99771294e-01  8.48386468e-03 -1.00591877e+02]
  [ 1.97292481e-01 -1.21923469e-02  9.80268853e-01  4.72992985e+02]
  [ 0.00000000e+00  0.00000000e+00  0.00000000e+00  1.00000000e+00]]

 [[ 9.98821566e-01  3.71878790e-02  3.11856013e-02 -5.88076866e+01]
  [-3.15144430e-02  9.85626201e-01 -1.65975396e-01 -7.71122836e+01]
  [-3.69096187e-02  1.64797008e-01  9.85636660e-01  4.89287385e+02]
  [ 0.00000000e+00  0.00000000e+00  0.00000000e+00  1.00000000e+00]]

 [[ 9.81509552e-01 -2.30547615e-02 -1.90019676e-01 -3.41469743e+01]
  [ 2.53124565e-02  9.99634803e-01  9.46257725e-03 -9.44454190e+01]
  [ 1.89732124e-01 -1.40974748e-02  9.81734680e-01  4.77062903e+02]
  [ 0.00000000e+00  0.00000000e+00  0.00000000e+00  1.00000000e+00]]

 [[ 9.99456064e-01  1.03128957e-02 -3.13244430e-02 -1.04317156e+02]
  [-1.19268245e-02  9.98587242e-01 -5.17809997e-02 -1.32819744e+02]
  [ 3.07461770e-02  5.21264353e-02  9.98167074e-01  5.17874612e+02]
  [ 0.00000000e+00  0.00000000e+00  0.00000000e+00  1.00000000e+00]]

 [[ 9.94997899e-01  8.63116026e-02 -5.02940147e-02 -9.10393488e+01]
  [-9.63293803e-02  9.62328311e-01 -2.54253559e-01 -1.01051211e+02]
  [ 2.64543221e-02  2.57826548e-01  9.65828991e-01  4.70722135e+02]
  [ 0.00000000e+00  0.00000000e+00  0.00000000e+00  1.00000000e+00]]

 [[ 9.96217505e-01  7.50949871e-02 -4.37198567e-02 -7.67552008e+01]
  [-8.25499302e-02  9.74995592e-01 -2.06322818e-01 -1.07543553e+02]
  [ 2.71328582e-02  2.09151474e-01  9.77506762e-01  4.82318276e+02]
  [ 0.00000000e+00  0.00000000e+00  0.00000000e+00  1.00000000e+00]]

 [[ 9.90620446e-01  2.60612618e-02 -1.34134049e-01 -7.94652842e+01]
  [-3.74227252e-02  9.95855752e-01 -8.28906553e-02 -1.42796924e+02]
  [ 1.31417929e-01  8.71328396e-02  9.87490352e-01  4.74078811e+02]
  [ 0.00000000e+00  0.00000000e+00  0.00000000e+00  1.00000000e+00]]]
--- R_TransVektor ---
shape: (20, 3, 1)
dtype: float64
values:
[[[-104.49469506]
  [-137.46415014]
  [ 533.31425213]]

 [[ -93.34705349]
  [ -86.49483507]
  [ 533.08737903]]

 [[ -93.19863586]
  [-111.65749192]
  [ 521.20514901]]

 [[ -78.50150661]
  [-126.48142796]
  [ 516.63732276]]

 [[ -70.35892255]
  [-154.69768419]
  [ 519.57622842]]

 [[ -76.16645579]
  [-141.57794067]
  [ 520.02141935]]

 [[ -78.42195546]
  [-103.49122095]
  [ 518.50582637]]

 [[ -86.48411934]
  [-108.49812896]
  [ 502.14362417]]

 [[-107.11762134]
  [ -98.01781672]
  [ 503.86757012]]

 [[ -91.72047567]
  [-150.34529883]
  [ 525.28192785]]

 [[ -93.48334132]
  [-157.81483163]
  [ 504.35940838]]

 [[-114.02983927]
  [ -99.25344445]
  [ 500.26816992]]

 [[ -64.89183371]
  [-101.71191427]
  [ 502.78807458]]

 [[ -83.38264862]
  [-100.59187671]
  [ 472.99298478]]

 [[ -58.80768661]
  [ -77.11228356]
  [ 489.28738476]]

 [[ -34.14697431]
  [ -94.44541903]
  [ 477.06290306]]

 [[-104.31715554]
  [-132.81974429]
  [ 517.87461201]]

 [[ -91.0393488 ]
  [-101.05121114]
  [ 470.72213549]]

 [[ -76.75520083]
  [-107.5435534 ]
  [ 482.31827571]]

 [[ -79.46528419]
  [-142.79692426]
  [ 474.07881072]]]
--- R_Errors ---
shape: (20,)
dtype: float32
values:
[0.20787452 0.17179954 0.20627505 0.18552557 0.20959765 0.20082216
 0.19095583 0.2089028  0.1872354  0.23673087 0.23225683 0.1889597
 0.21607466 0.20370927 0.20978518 0.20740847 0.19509402 0.2078029
 0.19456081 0.19325314]
--- R_MeanError ---
shape: ()
dtype: float32
values:
0.2032814770936966
--- L_Imgpoints ---
shape: (20, 77, 2)
dtype: float32
values:
[[[161.04109  123.44569 ]
  [200.43535  124.01848 ]
  [239.5816   124.71924 ]
  ...
  [472.21353  373.01102 ]
  [512.4859   374.14743 ]
  [552.7445   374.701   ]]

 [[173.22853  191.30916 ]
  [212.15453  182.52237 ]
  [250.83868  173.77678 ]
  ...
  [536.9861   359.192   ]
  [576.2973   350.19284 ]
  [615.5764   341.20932 ]]

 [[166.3882   154.49321 ]
  [207.04807  152.29501 ]
  [247.40486  150.39949 ]
  ...
  [503.23868  386.56464 ]
  [544.1198   384.00818 ]
  [584.8133   382.22458 ]]

 ...

 [[129.49785  154.95094 ]
  [173.68687  150.56357 ]
  [217.90727  146.26012 ]
  ...
  [511.86563  380.56876 ]
  [553.3147   376.63712 ]
  [594.6694   372.56122 ]]

 [[159.65372  148.62994 ]
  [203.05075  144.98395 ]
  [246.54906  141.55368 ]
  ...
  [529.4389   378.9585  ]
  [570.52344  375.60593 ]
  [611.773    372.52557 ]]

 [[151.16031   93.59064 ]
  [197.03836   93.067154]
  [242.2681    92.95714 ]
  ...
  [511.46063  350.3079  ]
  [552.644    348.56625 ]
  [593.5003   347.12823 ]]]
--- R_Imgpoints ---
shape: (20, 77, 2)
dtype: float32
values:
[[[372.63663  104.18367 ]
  [413.5661   105.135796]
  [454.10422  105.73713 ]
  ...
  [692.49744  355.0532  ]
  [732.37006  355.27008 ]
  [772.1139   355.78873 ]]

 [[387.435    174.0417  ]
  [427.239    165.06943 ]
  [466.66296  155.93501 ]
  ...
  [756.3357   340.46454 ]
  [794.6436   331.33163 ]
  [832.9637   321.716   ]]

 [[385.11105  136.17453 ]
  [426.6631   134.24617 ]
  [468.0921   131.70834 ]
  ...
  [727.1763   367.6988  ]
  [766.98785  364.84943 ]
  [806.7566   362.58667 ]]

 ...

 [[374.3303   135.8274  ]
  [420.3414   131.44093 ]
  [466.024    127.08601 ]
  ...
  [739.4444   361.44495 ]
  [780.02374  357.34494 ]
  [820.46783  353.3412  ]]

 [[399.18988  129.64822 ]
  [443.9678   126.26633 ]
  [488.62848  122.578865]
  ...
  [755.37225  359.7034  ]
  [795.56866  356.47208 ]
  [835.723    352.86572 ]]

 [[393.2428    72.32436 ]
  [439.05634   72.31957 ]
  [484.0231    72.38757 ]
  ...
  [739.8691   331.6523  ]
  [778.79517  329.57892 ]
  [817.3947   327.7712  ]]]