{
 "cells": [
  {
   "cell_type": "markdown",
   "id": "81b75e73",
   "metadata": {},
   "source": [
    "## Implementation of Zhang's camera calibration method"
   ]
  },
  {
   "cell_type": "markdown",
   "id": "dbd181d2",
   "metadata": {},
   "source": [
    "### Initial estimation of intrinsic and extrinsic parameters"
   ]
  },
  {
   "cell_type": "code",
   "execution_count": 1,
   "id": "1a01e8ec",
   "metadata": {},
   "outputs": [],
   "source": [
    "import cv2\n",
    "import os\n",
    "import glob\n",
    "import matplotlib.pyplot as plt\n",
    "import numpy as np\n",
    "from numpy.linalg import svd\n",
    "import cv2\n",
    "import numpy as np\n",
    "from scipy.optimize import least_squares"
   ]
  },
  {
   "cell_type": "code",
   "execution_count": 2,
   "id": "f2f52a7c",
   "metadata": {},
   "outputs": [],
   "source": [
    "def get_img_paths(images_path: str) -> list[str]:\n",
    "    \"\"\"Helper function to get image path from a folder.\"\"\"\n",
    "    patterns = ['*.jpg', '*.jpeg', '*.png']\n",
    "    images_list = []\n",
    "    for pattern in patterns:\n",
    "        images_list.extend(glob.glob(os.path.join(images_path, pattern)))\n",
    "    return images_list"
   ]
  },
  {
   "cell_type": "code",
   "execution_count": 3,
   "id": "df895b16",
   "metadata": {},
   "outputs": [],
   "source": [
    "def get_world_coordinates(pattern_size: tuple[int, int], square_size: int) -> np.ndarray:\n",
    "    \"\"\"Function to get chessboard corners' coordinates in the real world.\"\"\"\n",
    "    n_corners = pattern_size[0] * pattern_size[1]\n",
    "    world_X, world_Y = np.meshgrid(range(pattern_size[0]), range(pattern_size[1]))\n",
    "    world_X = world_X.reshape(n_corners, 1)\n",
    "    world_Y = world_Y.reshape(n_corners, 1)\n",
    "\n",
    "    # Corners coordinates in the real world\n",
    "    return np.array(np.hstack((world_X, world_Y, np.zeros((world_X.shape))), dtype=np.float32)) * square_size\n",
    "\n",
    "\n",
    "def get_v(h: np.ndarray, i: int, j: int) -> np.ndarray:\n",
    "    \"\"\"\n",
    "    Helper function to get v[i][j]. \n",
    "    \n",
    "    h, i, j are all zero-indexed\n",
    "    \"\"\"\n",
    "    v_ij = np.array([\n",
    "        h[0, i] * h[0, j],\n",
    "        h[0, i] * h[1, j] + h[1, i] * h[0, j],\n",
    "        h[2, i] * h[0, j] + h[0, i] * h[2, j],\n",
    "        h[1, i] * h[1, j],\n",
    "        \n",
    "        h[2, i] * h[1, j] + h[1, i] * h[2, j],\n",
    "        h[2, i] * h[2, j]\n",
    "    ])\n",
    "    return v_ij\n",
    "\n",
    "def get_B(b: np.ndarray) -> np.ndarray:\n",
    "    \"\"\"Helper function to get symmetric B matrix from 6 b's.\"\"\"\n",
    "    b_11 = b[0]\n",
    "    b_12 = b[1]\n",
    "    b_13 = b[2]\n",
    "    b_22 = b[3]\n",
    "    b_23 = b[4]\n",
    "    b_33 = b[5]\n",
    "\n",
    "    return np.array([\n",
    "        [b_11, b_12, b_13],\n",
    "        [b_12, b_22, b_23],\n",
    "        [b_13, b_23, b_33]\n",
    "    ], dtype=np.float32)\n",
    "\n",
    "def compute_H(img_path: str, \n",
    "              pattern_size: tuple[int, int], \n",
    "              world_coordinates: np.ndarray, \n",
    "              show_images: bool = False) -> tuple[list[np.ndarray], list[np.ndarray]]:\n",
    "    \"\"\"\n",
    "    Function to compute H matrix for every image. \n",
    "    \n",
    "    Returns list of H matrices and list of image points.\n",
    "    \"\"\"\n",
    "    img_list = get_img_paths(img_path)\n",
    "    \n",
    "    term_criterion = (cv2.TERM_CRITERIA_EPS + cv2.TERM_CRITERIA_MAX_ITER, 30, 0.001)\n",
    "    H_matrices, img_points = [], []\n",
    "\n",
    "    for image_name in img_list:\n",
    "        img_rgb = cv2.imread(image_name)\n",
    "        img_grey = cv2.cvtColor(img_rgb, cv2.COLOR_BGR2GRAY)\n",
    "\n",
    "        ok, corners = cv2.findChessboardCorners(img_grey, pattern_size, None)\n",
    "        \n",
    "        if not ok: continue\n",
    "        \n",
    "        refined_corners = cv2.cornerSubPix(img_grey, corners, pattern_size, (-1, -1), term_criterion)\n",
    "        refined_corners = refined_corners.reshape(-1, 2)\n",
    "        img_points.append(refined_corners)\n",
    "\n",
    "        H, _ = cv2.findHomography(world_coordinates, refined_corners, cv2.RANSAC, 5.0)\n",
    "        if H is None: continue\n",
    "\n",
    "        H = H.astype(np.float32)\n",
    "        if abs(H[2, 2]) > 0:\n",
    "            H = H / H[2, 2]\n",
    "        H_matrices.append(H)\n",
    "        \n",
    "        # Show picture of chessboard corners\n",
    "        if show_images:\n",
    "            cv2.drawChessboardCorners(img_rgb, pattern_size, refined_corners, True)\n",
    "            cv2.imshow('img', img_rgb)\n",
    "            cv2.waitKey(400)\n",
    "\n",
    "    cv2.destroyAllWindows()\n",
    "\n",
    "    return H_matrices, img_points\n",
    "\n",
    "def find_K(H_matrices: list[np.ndarray]) -> np.ndarray:\n",
    "    \"\"\"Function to find matrix K from H matrices.\"\"\"\n",
    "    V = []\n",
    "\n",
    "    for h in H_matrices:\n",
    "        v_12 = get_v(h, 0, 1)\n",
    "        v_11 = get_v(h, 0, 0)\n",
    "        v_22 = get_v(h, 1, 1)\n",
    "\n",
    "        V.append(v_12.T)\n",
    "        V.append(v_11.T - v_22.T)\n",
    "    \n",
    "    V = np.asarray(V, dtype=np.float32)\n",
    "    U_, sigma, V_ = svd(V)\n",
    "    b = V_[-1, :] # vector corresponding the the lowest eigenvalue\n",
    "    \n",
    "    B = get_B(b)\n",
    "    # B = 0.5 * (B + B.T)\n",
    "\n",
    "    # Ensure overall sign so diagonal is positive (b is up to scale)\n",
    "    if B[0, 0] < 0: B = -B\n",
    "\n",
    "    # Try Cholesky on B (we want R upper s.t. R.T @ R = B -> K_inv = R -> K = inv(R))\n",
    "    L = np.linalg.cholesky(B)  # L @ L.T = B\n",
    "    K = np.linalg.inv(L.T)\n",
    "    K = K / K[2, 2]\n",
    "    if K[0, 0] < 0: K = -K\n",
    "\n",
    "    return K\n",
    "\n",
    "\n",
    "def find_E(H_matrices: list[np.ndarray], K: np.ndarray) -> list[np.ndarray]:\n",
    "    \"\"\"Function to find extrinsic matrix from H matrices and K matrix.\"\"\"\n",
    "    K_inv = np.linalg.inv(K)\n",
    "\n",
    "    rotations = []\n",
    "    translations = []\n",
    "    extrinsics = []\n",
    "\n",
    "    for H in H_matrices:\n",
    "        H = H.astype(np.float32)\n",
    "        # ensure homography normalized\n",
    "        if abs(H[2, 2]) > 0:\n",
    "            H = H / H[2, 2]\n",
    "\n",
    "        h1 = H[:, 0]\n",
    "        h2 = H[:, 1]\n",
    "        h3 = H[:, 2]\n",
    "\n",
    "        kinv_h1 = K_inv @ h1\n",
    "        kinv_h2 = K_inv @ h2\n",
    "        kinv_h3 = K_inv @ h3\n",
    "\n",
    "        # scale: average norm of first two columns for robustness\n",
    "        norm1 = np.linalg.norm(kinv_h1)\n",
    "        norm2 = np.linalg.norm(kinv_h2)\n",
    "        if norm1 == 0 or norm2 == 0:\n",
    "            raise ValueError(\"Degenerate homography: zero column after applying K^{-1}\")\n",
    "\n",
    "        lam = 1.0 / ((norm1 + norm2) / 2.0)\n",
    "\n",
    "        r1 = lam * kinv_h1\n",
    "        r2 = lam * kinv_h2\n",
    "        r3 = np.cross(r1, r2)\n",
    "        t = lam * kinv_h3\n",
    "\n",
    "        # orthonormalize R using SVD to correct noise: R = U @ Vt\n",
    "        R_approx = np.column_stack((r1, r2, r3))\n",
    "        U, _, Vt = svd(R_approx)\n",
    "        R = U @ Vt\n",
    "\n",
    "        # enforce right-handed frame\n",
    "        if np.linalg.det(R) < 0:\n",
    "            R = -1*R\n",
    "            t = -t\n",
    "\n",
    "        ext = np.eye(4, dtype=np.float32)\n",
    "        ext[:3, :3] = R\n",
    "        ext[:3, 3] = t\n",
    "        rotations.append(R)\n",
    "        translations.append(t)\n",
    "        extrinsics.append(ext)\n",
    "\n",
    "    return extrinsics"
   ]
  },
  {
   "cell_type": "code",
   "execution_count": 4,
   "id": "f49d5b8d",
   "metadata": {},
   "outputs": [
    {
     "name": "stdout",
     "output_type": "stream",
     "text": [
      "Initial K:\n",
      " [[741.11206     -0.91883403 523.6645    ]\n",
      " [  0.         752.5023     287.38272   ]\n",
      " [  0.           0.           1.        ]]\n",
      "Initial E (for the first image):\n",
      " [[ 9.9968952e-01 -2.1439662e-02  1.2695490e-02 -2.7431265e+02]\n",
      " [ 2.0943712e-02  9.9905872e-01  3.7987325e-02 -1.2199510e+02]\n",
      " [-1.3497976e-02 -3.7709642e-02  9.9919760e-01  5.5969104e+02]\n",
      " [ 0.0000000e+00  0.0000000e+00  0.0000000e+00  1.0000000e+00]]\n"
     ]
    }
   ],
   "source": [
    "img_path = '../data/imgs/leftcamera'\n",
    "pattern_size = (11, 7)\n",
    "square_size = 30\n",
    "show_images = True\n",
    "show_progress = 2 # for the refinement step\n",
    "\n",
    "\n",
    "n_corners = pattern_size[0] * pattern_size[1]\n",
    "\n",
    "# Corners coordinates in the real world\n",
    "world_coordinates = get_world_coordinates(pattern_size, square_size)\n",
    "H_matrices, img_points = compute_H(img_path, pattern_size, world_coordinates, show_images)\n",
    "\n",
    "K = find_K(H_matrices) # intrinsics\n",
    "E = find_E(H_matrices, K) # extrinsics\n",
    "\n",
    "print(\"Initial K:\\n\", K)\n",
    "print(\"Initial E (for the first image):\\n\", E[0])"
   ]
  },
  {
   "cell_type": "markdown",
   "id": "66bfbc29",
   "metadata": {},
   "source": [
    "### Refinement of extrinsic and intrinsic parameters"
   ]
  },
  {
   "cell_type": "code",
   "execution_count": 5,
   "id": "98b48e85",
   "metadata": {},
   "outputs": [],
   "source": [
    "def _pack_params(K: np.ndarray, dist: np.ndarray, rvecs: list[np.ndarray], tvecs: list[np.ndarray], optimize_skew: bool):\n",
    "    \"\"\"\n",
    "    Helper function to pack intrinsics, distortion and extrinsics into a 1D parameter vector.\n",
    "    If optimize_skew is False, skew is fixed to 0 and not included.\n",
    "    \"\"\"\n",
    "    if optimize_skew:\n",
    "        intr = np.array([K[0,0], K[1,1], K[0,1], K[0,2], K[1,2]], dtype=np.float32)  # fx, fy, s, cx, cy\n",
    "    else:\n",
    "        intr = np.array([K[0,0], K[1,1], K[0,2], K[1,2]], dtype=np.float32)  # fx, fy, cx, cy (s implicitly 0)\n",
    "\n",
    "    dist = np.asarray(dist, dtype=np.float32).reshape(-1)  # k1,k2,p1,p2,k3\n",
    "\n",
    "    ex = []\n",
    "    for rvec, tvec in zip(rvecs, tvecs):\n",
    "        ex.append(rvec.reshape(3,))\n",
    "        ex.append(tvec.reshape(3,))\n",
    "    ex = np.hstack(ex) if ex else np.array([], dtype=np.float32)\n",
    "\n",
    "    return np.hstack((intr, dist, ex))\n",
    "\n",
    "def _unpack_params(x: np.ndarray, n_views: int, optimize_skew: bool):\n",
    "    \"\"\"\n",
    "    Helper function to unpack parameter vector into K, dist, rvecs, tvecs\n",
    "    \"\"\"\n",
    "    idx = 0\n",
    "    if optimize_skew:\n",
    "        fx, fy, s, cx, cy = x[idx:idx+5]; idx += 5\n",
    "    else:\n",
    "        fx, fy, cx, cy = x[idx:idx+4]; s = 0.0; idx += 4\n",
    "\n",
    "    K = np.array([[fx, s, cx],\n",
    "                  [0.0, fy, cy],\n",
    "                  [0.0, 0.0, 1.0]], dtype=np.float32)\n",
    "\n",
    "    dist = x[idx:idx+5]; idx += 5\n",
    "\n",
    "    rvecs = []\n",
    "    tvecs = []\n",
    "    for i in range(n_views):\n",
    "        rvec = x[idx:idx+3]; idx += 3\n",
    "        tvec = x[idx:idx+3]; idx += 3\n",
    "        rvecs.append(rvec)\n",
    "        tvecs.append(tvec)\n",
    "\n",
    "    return K, dist, rvecs, tvecs\n",
    "\n",
    "def _reprojection_residuals(x: np.ndarray,\n",
    "                            n_views: int,\n",
    "                            world_coords: np.ndarray,\n",
    "                            img_points_list: list[np.ndarray],\n",
    "                            optimize_skew: bool):\n",
    "    \"\"\"\n",
    "    Helper function to compute reprojection residuals for least_squares.\n",
    "    Returns 1D residual vector [u_err0, v_err0, u_err1, v_err1, ...].\n",
    "    \"\"\"\n",
    "    K, dist, rvecs, tvecs = _unpack_params(x, n_views, optimize_skew)\n",
    "    k1, k2, k3, p1, p2 = dist\n",
    "    residuals = []\n",
    "\n",
    "    # world_coords assumed (M,2) with Z=0\n",
    "    for view_idx in range(n_views):\n",
    "        img_pts = img_points_list[view_idx]\n",
    "        rvec = rvecs[view_idx].reshape(3, 1)\n",
    "        tvec = tvecs[view_idx].reshape(3, )\n",
    "\n",
    "        R, _ = cv2.Rodrigues(rvec)\n",
    "        for i, (u_obs, v_obs) in enumerate(img_pts):\n",
    "            Xw, Yw, _ = world_coords[i]\n",
    "            Pw = np.array([Xw, Yw, 0.0], dtype=np.float32)\n",
    "            Pc = R @ Pw + tvec\n",
    "            Xc, Yc, Zc = Pc\n",
    "            if abs(Zc) < 1e-12:\n",
    "                # skip to avoid NaNs (although should'nt happen)\n",
    "                residuals.extend([0.0, 0.0])\n",
    "                continue\n",
    "            x = Xc / Zc\n",
    "            y = Yc / Zc\n",
    "            r2 = x*x + y*y\n",
    "            r4 = r2*r2\n",
    "            r6 = r4*r2\n",
    "            radial = 1.0 + k1*r2 + k2*r4 + k3*r6\n",
    "            x_dist = x*radial + 2*p1*x*y + p2*(r2 + 2*x*x)\n",
    "            y_dist = y*radial + p1*(r2 + 2*y*y) + 2*p2*x*y\n",
    "\n",
    "            u_proj = K[0,0]*x_dist + K[0,1]*y_dist + K[0,2]\n",
    "            v_proj = K[1,1]*y_dist + K[1,2]\n",
    "\n",
    "            residuals.append(u_obs - u_proj)\n",
    "            residuals.append(v_obs - v_proj)\n",
    "\n",
    "    return np.asarray(residuals, dtype=np.float32)"
   ]
  },
  {
   "cell_type": "code",
   "execution_count": 6,
   "id": "14d72104",
   "metadata": {},
   "outputs": [],
   "source": [
    "def refine_camera_parameters(img_points_list: list[np.ndarray],\n",
    "                      world_coords: np.ndarray,\n",
    "                      K_init: np.ndarray,\n",
    "                      extrinsics_init: list[np.ndarray],\n",
    "                      dist_init: np.ndarray = np.zeros(5, dtype=np.float32),\n",
    "                      optimize_skew: bool = False,\n",
    "                      verbose: int = 2,\n",
    "                      max_nfev: int = 200) -> tuple[np.ndarray, np.ndarray, np.ndarray, np.ndarray, np.ndarray]:\n",
    "    \"\"\"\n",
    "    Full nonlinear bundle adjustment optimizing intrinsics fx,fy,cx,cy (and s if optimize_skew=True),\n",
    "    distortion (k1,k2,p1,p2,k3) and per-view extrinsics (rvec,tvec) using least squares.\n",
    "\n",
    "    Returns:\n",
    "    K_opt (3x3), dist_opt (5,), extrinsics_opt (list of 4x4 matrices), rvecs_opt, tvecs_opt\n",
    "    \"\"\"\n",
    "    n_views = len(img_points_list)\n",
    "    if n_views == 0:\n",
    "        raise ValueError(\"No views provided for bundle adjustment\")\n",
    "\n",
    "    rvecs = []\n",
    "    tvecs = []\n",
    "    for ext in extrinsics_init:\n",
    "        R = ext[:3, :3]\n",
    "        t = ext[:3, 3].reshape(3,)\n",
    "        rvec, _ = cv2.Rodrigues(R)\n",
    "        rvecs.append(rvec.reshape(3,))\n",
    "        tvecs.append(t.reshape(3,))\n",
    "\n",
    "\n",
    "    x0 = _pack_params(K_init, dist_init, rvecs, tvecs, optimize_skew)\n",
    "\n",
    "    # run least_squares\n",
    "    fun = lambda x: _reprojection_residuals(x, n_views, world_coords, img_points_list, optimize_skew)\n",
    "    res = least_squares(fun, x0, method='lm' if n_views * world_coords.shape[0] * 2 < 2000 else 'trf',\n",
    "                        verbose=verbose, max_nfev=max_nfev)\n",
    "    \n",
    "    K_opt, dist_opt, rvecs_opt, tvecs_opt = _unpack_params(res.x, n_views, optimize_skew)\n",
    "\n",
    "    # build extrinsics 4x4 list\n",
    "    extrinsics_opt = []\n",
    "    for rvec, tvec in zip(rvecs_opt, tvecs_opt):\n",
    "        R_opt, _ = cv2.Rodrigues(rvec.reshape(3,1))\n",
    "        E = np.eye(4, dtype=np.float32)\n",
    "        E[:3,:3] = R_opt\n",
    "        E[:3,3] = tvec.reshape(3,)\n",
    "        extrinsics_opt.append(E)\n",
    "\n",
    "    extrinsics_opt = np.asarray(extrinsics_opt, dtype=np.float32)\n",
    "    rvecs_opt = np.asarray(rvecs_opt, dtype=np.float32)\n",
    "    tvecs_opt = np.asarray(tvecs_opt, dtype=np.float32)\n",
    "\n",
    "    return K_opt, dist_opt, extrinsics_opt, rvecs_opt, tvecs_opt"
   ]
  },
  {
   "cell_type": "code",
   "execution_count": 7,
   "id": "ec53fc38",
   "metadata": {},
   "outputs": [
    {
     "name": "stdout",
     "output_type": "stream",
     "text": [
      "   Iteration     Total nfev        Cost      Cost reduction    Step norm     Optimality   \n",
      "       0              1         6.7433e+01                                    7.02e+03    \n",
      "       1              2         2.8324e+01      3.91e+01       8.90e+01       1.54e+04    \n",
      "       2              3         2.6762e+01      1.56e+00       1.23e+01       3.02e+02    \n",
      "       3              4         2.6759e+01      3.12e-03       1.52e+00       9.76e+00    \n",
      "       4              5         2.6759e+01      9.35e-05       3.78e-01       8.82e+00    \n",
      "       5              6         2.6759e+01      1.91e-06       5.07e-02       9.47e+00    \n",
      "       6             10         2.6759e+01      1.91e-06       2.14e-04       1.16e+01    \n",
      "       7             13         2.6759e+01      0.00e+00       0.00e+00       1.16e+01    \n",
      "`xtol` termination condition is satisfied.\n",
      "Function evaluations 13, initial cost 6.7433e+01, final cost 2.6759e+01, first-order optimality 1.16e+01.\n",
      "Refined K:\n",
      " [[718.80774   0.      523.6805 ]\n",
      " [  0.      729.88745 285.55127]\n",
      " [  0.        0.        1.     ]]\n",
      "Refined E (for the first image):\n",
      " [[ 9.99741554e-01 -2.14349870e-02  7.57334800e-03 -2.74231964e+02]\n",
      " [ 2.11294498e-02  9.99040961e-01  3.83504890e-02 -1.20830956e+02]\n",
      " [-8.38812720e-03 -3.81805561e-02  9.99235630e-01  5.42743530e+02]\n",
      " [ 0.00000000e+00  0.00000000e+00  0.00000000e+00  1.00000000e+00]]\n",
      "Estimated distortion (k1, k2, k3, p1, p2): [ 3.25977883e-02 -1.85724889e-01  8.76901182e-04  1.72903241e-04\n",
      "  2.22270964e-01]\n"
     ]
    }
   ],
   "source": [
    "# Refined values\n",
    "K_opt, dist_opt, E_opt, rvecs, tvecs = refine_camera_parameters(img_points, world_coordinates, K, E, verbose=show_progress)\n",
    "\n",
    "# (k1, k2, k3, p1, p2) instead of (k1, k2, p1, p2, k3)\n",
    "dist_opt = np.array([dist_opt[0], dist_opt[1], dist_opt[3], dist_opt[4], dist_opt[2]])\n",
    "\n",
    "print(\"Refined K:\\n\", K_opt)\n",
    "print(\"Refined E (for the first image):\\n\", E_opt[0])\n",
    "print(\"Estimated distortion (k1, k2, k3, p1, p2):\", dist_opt)"
   ]
  },
  {
   "cell_type": "markdown",
   "id": "a3fedcee",
   "metadata": {},
   "source": [
    "### Calculate reprojection error"
   ]
  },
  {
   "cell_type": "code",
   "execution_count": 8,
   "id": "02880188",
   "metadata": {},
   "outputs": [
    {
     "name": "stdout",
     "output_type": "stream",
     "text": [
      "Mean reprojection error:\n",
      " 0.02103548549742627\n"
     ]
    }
   ],
   "source": [
    "mean_error = 0\n",
    "img_list = get_img_paths(img_path)\n",
    "    \n",
    "for i in range(len(img_list)):\n",
    "    imgpoints2, _ = cv2.projectPoints(world_coordinates, rvecs[i], tvecs[i], K_opt, dist_opt)\n",
    "    error = cv2.norm(img_points[i].reshape((n_corners,1,2)), imgpoints2, cv2.NORM_L2) / len(imgpoints2)\n",
    "    mean_error += error\n",
    "\n",
    "print(\"Mean reprojection error:\\n\", mean_error/len(img_list))"
   ]
  },
  {
   "cell_type": "markdown",
   "id": "727e941b",
   "metadata": {},
   "source": [
    "### Undistorting the first image in the dataset"
   ]
  },
  {
   "cell_type": "code",
   "execution_count": 10,
   "id": "eea8ae7f",
   "metadata": {},
   "outputs": [
    {
     "name": "stdout",
     "output_type": "stream",
     "text": [
      "\n",
      "\n",
      "Undistorted image is in output/0.png\n"
     ]
    }
   ],
   "source": [
    "img_rgb = cv2.imread('../data/imgs/leftcamera/Im_L_1.png')\n",
    "img_undist = cv2.undistort(img_rgb, K_opt, dist_opt, None)\n",
    "cv2.imshow('undistorted (window will close in 5 seconds)', img_undist)\n",
    "cv2.waitKey(5000)\n",
    "cv2.destroyAllWindows()\n",
    "cv2.imwrite('output/0.png', img_undist)\n",
    "\n",
    "print('\\n\\nUndistorted image is in output/0.png')"
   ]
  },
  {
   "cell_type": "markdown",
   "id": "985d51c6",
   "metadata": {},
   "source": [
    "### Real camera parameters"
   ]
  },
  {
   "cell_type": "code",
   "execution_count": 11,
   "id": "db6a3001",
   "metadata": {},
   "outputs": [
    {
     "name": "stdout",
     "output_type": "stream",
     "text": [
      "keys: ['Transformation', 'Essential', 'Fundamental', 'MeanError', 'SquareSize', 'BoardSize', 'Objpoints', 'L_Intrinsic', 'L_Distortion', 'L_DistortionROI', 'L_DistortionIntrinsic', 'L_RotVektor', 'L_RotMatrix', 'L_Extrinsics', 'L_TransVektor', 'L_Errors', 'L_MeanError', 'R_Intrinsic', 'R_Distortion', 'R_DistortionROI', 'R_DistortionIntrinsic', 'R_RotVektor', 'R_RotMatrix', 'R_Extrinsics', 'R_TransVektor', 'R_Errors', 'R_MeanError', 'L_Imgpoints', 'R_Imgpoints']\n",
      "\n",
      "--- Transformation ---\n",
      "shape: (4, 4)\n",
      "dtype: float64\n",
      "values:\n",
      "[[ 9.99371810e-01  7.63663948e-03 -3.46073196e-02  1.89736261e+02]\n",
      " [-8.56808784e-03  9.99602837e-01 -2.68468918e-02 -4.52649875e+00]\n",
      " [ 3.43885548e-02  2.71265454e-02  9.99040328e-01  4.79116498e+00]\n",
      " [ 0.00000000e+00  0.00000000e+00  0.00000000e+00  1.00000000e+00]]\n",
      "\n",
      "--- Essential ---\n",
      "shape: (3, 3)\n",
      "dtype: float64\n",
      "values:\n",
      "[[-1.14608628e-01 -4.91205039e+00 -4.39352691e+00]\n",
      " [-1.73660059e+00 -5.11030089e+00 -1.89719986e+02]\n",
      " [ 2.89797830e+00  1.89695472e+02 -5.25047885e+00]]\n",
      "\n",
      "--- Fundamental ---\n",
      "shape: (3, 3)\n",
      "dtype: float64\n",
      "values:\n",
      "[[ 4.11195542e-08  1.73559212e-06  6.14247869e-04]\n",
      " [ 6.14010055e-07  1.77940901e-06  4.73113585e-02]\n",
      " [-9.51668514e-04 -4.97981961e-02  1.00000000e+00]]\n",
      "\n",
      "--- MeanError ---\n",
      "shape: ()\n",
      "dtype: float64\n",
      "values:\n",
      "0.2100143001671331\n",
      "\n",
      "--- SquareSize ---\n",
      "shape: ()\n",
      "dtype: int64\n",
      "values:\n",
      "30\n",
      "\n",
      "--- BoardSize ---\n",
      "shape: (2,)\n",
      "dtype: int64\n",
      "values:\n",
      "[11  7]\n",
      "\n",
      "--- Objpoints ---\n",
      "shape: (77, 3)\n",
      "dtype: float32\n",
      "values:\n",
      "[[  0.   0.   0.]\n",
      " [ 30.   0.   0.]\n",
      " [ 60.   0.   0.]\n",
      " [ 90.   0.   0.]\n",
      " [120.   0.   0.]\n",
      " [150.   0.   0.]\n",
      " [180.   0.   0.]\n",
      " [210.   0.   0.]\n",
      " [240.   0.   0.]\n",
      " [270.   0.   0.]\n",
      " [300.   0.   0.]\n",
      " [  0.  30.   0.]\n",
      " [ 30.  30.   0.]\n",
      " [ 60.  30.   0.]\n",
      " [ 90.  30.   0.]\n",
      " [120.  30.   0.]\n",
      " [150.  30.   0.]\n",
      " [180.  30.   0.]\n",
      " [210.  30.   0.]\n",
      " [240.  30.   0.]\n",
      " [270.  30.   0.]\n",
      " [300.  30.   0.]\n",
      " [  0.  60.   0.]\n",
      " [ 30.  60.   0.]\n",
      " [ 60.  60.   0.]\n",
      " [ 90.  60.   0.]\n",
      " [120.  60.   0.]\n",
      " [150.  60.   0.]\n",
      " [180.  60.   0.]\n",
      " [210.  60.   0.]\n",
      " [240.  60.   0.]\n",
      " [270.  60.   0.]\n",
      " [300.  60.   0.]\n",
      " [  0.  90.   0.]\n",
      " [ 30.  90.   0.]\n",
      " [ 60.  90.   0.]\n",
      " [ 90.  90.   0.]\n",
      " [120.  90.   0.]\n",
      " [150.  90.   0.]\n",
      " [180.  90.   0.]\n",
      " [210.  90.   0.]\n",
      " [240.  90.   0.]\n",
      " [270.  90.   0.]\n",
      " [300.  90.   0.]\n",
      " [  0. 120.   0.]\n",
      " [ 30. 120.   0.]\n",
      " [ 60. 120.   0.]\n",
      " [ 90. 120.   0.]\n",
      " [120. 120.   0.]\n",
      " [150. 120.   0.]\n",
      " [180. 120.   0.]\n",
      " [210. 120.   0.]\n",
      " [240. 120.   0.]\n",
      " [270. 120.   0.]\n",
      " [300. 120.   0.]\n",
      " [  0. 150.   0.]\n",
      " [ 30. 150.   0.]\n",
      " [ 60. 150.   0.]\n",
      " [ 90. 150.   0.]\n",
      " [120. 150.   0.]\n",
      " [150. 150.   0.]\n",
      " [180. 150.   0.]\n",
      " [210. 150.   0.]\n",
      " [240. 150.   0.]\n",
      " [270. 150.   0.]\n",
      " [300. 150.   0.]\n",
      " [  0. 180.   0.]\n",
      " [ 30. 180.   0.]\n",
      " [ 60. 180.   0.]\n",
      " [ 90. 180.   0.]\n",
      " [120. 180.   0.]\n",
      " [150. 180.   0.]\n",
      " [180. 180.   0.]\n",
      " [210. 180.   0.]\n",
      " [240. 180.   0.]\n",
      " [270. 180.   0.]\n",
      " [300. 180.   0.]]\n",
      "\n",
      "--- L_Intrinsic ---\n",
      "shape: (3, 3)\n",
      "dtype: float64\n",
      "values:\n",
      "[[717.67713222   0.         524.32800179]\n",
      " [  0.         728.74457604 285.48227469]\n",
      " [  0.           0.           1.        ]]\n",
      "\n",
      "--- L_Distortion ---\n",
      "shape: (1, 5)\n",
      "dtype: float64\n",
      "values:\n",
      "[[ 0.03202285 -0.17513817  0.00090401  0.00048527  0.19902392]]\n",
      "\n",
      "--- L_DistortionROI ---\n",
      "shape: (4,)\n",
      "dtype: int64\n",
      "values:\n",
      "[   4    2 1017  571]\n",
      "\n",
      "--- L_DistortionIntrinsic ---\n",
      "shape: (3, 3)\n",
      "dtype: float64\n",
      "values:\n",
      "[[714.94372559   0.         524.19888005]\n",
      " [  0.         724.9397583  285.49827292]\n",
      " [  0.           0.           1.        ]]\n",
      "\n",
      "--- L_RotVektor ---\n",
      "shape: (20, 3, 1)\n",
      "dtype: float64\n",
      "values:\n",
      "[[[-0.03819959]\n",
      "  [ 0.00714082]\n",
      "  [ 0.02126031]]\n",
      "\n",
      " [[-0.03119737]\n",
      "  [ 0.0022699 ]\n",
      "  [-0.21851191]]\n",
      "\n",
      " [[-0.03083435]\n",
      "  [-0.00640113]\n",
      "  [-0.04943722]]\n",
      "\n",
      " [[ 0.01909491]\n",
      "  [-0.00298741]\n",
      "  [-0.00943903]]\n",
      "\n",
      " [[-0.04761154]\n",
      "  [-0.03543318]\n",
      "  [ 0.07786562]]\n",
      "\n",
      " [[-0.03843398]\n",
      "  [-0.03085565]\n",
      "  [ 0.02916597]]\n",
      "\n",
      " [[ 0.0278934 ]\n",
      "  [ 0.00643355]\n",
      "  [-0.02963091]]\n",
      "\n",
      " [[-0.03926426]\n",
      "  [-0.08292369]\n",
      "  [-0.0662215 ]]\n",
      "\n",
      " [[ 0.08769921]\n",
      "  [-0.00311309]\n",
      "  [-0.18019464]]\n",
      "\n",
      " [[-0.18372437]\n",
      "  [ 0.00354344]\n",
      "  [-0.05419729]]\n",
      "\n",
      " [[ 0.08417739]\n",
      "  [ 0.01386502]\n",
      "  [ 0.04550631]]\n",
      "\n",
      " [[ 0.00229549]\n",
      "  [-0.05576455]\n",
      "  [-0.02293273]]\n",
      "\n",
      " [[-0.03520831]\n",
      "  [-0.08073585]\n",
      "  [ 0.09357397]]\n",
      "\n",
      " [[-0.03304825]\n",
      "  [-0.16198757]\n",
      "  [ 0.03004401]]\n",
      "\n",
      " [[ 0.13872808]\n",
      "  [ 0.06811439]\n",
      "  [-0.0298463 ]]\n",
      "\n",
      " [[-0.03385273]\n",
      "  [-0.15550267]\n",
      "  [ 0.03529217]]\n",
      "\n",
      " [[ 0.01993108]\n",
      "  [ 0.00499157]\n",
      "  [-0.00341215]]\n",
      "\n",
      " [[ 0.23158586]\n",
      "  [-0.00517853]\n",
      "  [-0.08826335]]\n",
      "\n",
      " [[ 0.18074138]\n",
      "  [-0.00194915]\n",
      "  [-0.07442381]]\n",
      "\n",
      " [[ 0.05412843]\n",
      "  [-0.0973086 ]\n",
      "  [-0.02358967]]]\n",
      "\n",
      "--- L_RotMatrix ---\n",
      "shape: (20, 3, 3)\n",
      "dtype: float64\n",
      "values:\n",
      "[[[ 0.99974855 -0.02138973  0.00673248]\n",
      "  [ 0.02111699  0.99904455  0.03826299]\n",
      "  [-0.00754448 -0.0381112   0.99924502]]\n",
      "\n",
      " [[ 0.97622049  0.21670643  0.00564619]\n",
      "  [-0.21677696  0.97573839  0.03069764]\n",
      "  [ 0.00114317 -0.03119162  0.99951277]]\n",
      "\n",
      " [[ 0.99875785  0.04950757 -0.0056355 ]\n",
      "  [-0.04931026  0.99830309  0.03097488]\n",
      "  [ 0.00715943 -0.03065852  0.99950428]]\n",
      "\n",
      " [[ 0.99995099  0.00940978 -0.0030773 ]\n",
      "  [-0.00946682  0.99977315 -0.01907934]\n",
      "  [ 0.00289706  0.01910754  0.99981324]]\n",
      "\n",
      " [[ 0.99634364 -0.07689845 -0.03722877]\n",
      "  [ 0.07858413  0.99583837  0.04615711]\n",
      "  [ 0.03352443 -0.04891393  0.99824022]]\n",
      "\n",
      " [[ 0.99909888 -0.02855724 -0.03139912]\n",
      "  [ 0.02974282  0.99883641  0.03796313]\n",
      "  [ 0.03027846 -0.03886282  0.99878571]]\n",
      "\n",
      " [[ 0.99954037  0.02971224  0.00601854]\n",
      "  [-0.02953281  0.9991721  -0.02798081]\n",
      "  [-0.00684493  0.0277902   0.99959034]]\n",
      "\n",
      " [[ 0.99437519  0.06770651 -0.08144817]\n",
      "  [-0.06445405  0.99703968  0.04192327]\n",
      "  [ 0.08404553 -0.0364378   0.99579548]]\n",
      "\n",
      " [[ 0.98381439  0.17885457 -0.01096734]\n",
      "  [-0.17912668  0.9799865  -0.08683369]\n",
      "  [-0.00478276  0.08739277  0.99616245]]\n",
      "\n",
      " [[ 0.99852955  0.05354184  0.00848528]\n",
      "  [-0.05419087  0.98171005  0.18250678]\n",
      "  [ 0.00144167 -0.18269824  0.98316798]]\n",
      "\n",
      " [[ 0.99886935 -0.04485233  0.01575724]\n",
      "  [ 0.04601854  0.99542524 -0.08373107]\n",
      "  [-0.01192962  0.08436152  0.9963638 ]]\n",
      "\n",
      " [[ 0.99818275  0.02285484 -0.05575703]\n",
      "  [-0.02298281  0.99973449 -0.00165487]\n",
      "  [ 0.0557044   0.00293332  0.998443  ]]\n",
      "\n",
      " [[ 0.99237332 -0.0918973  -0.08215884]\n",
      "  [ 0.09473597  0.99500902  0.03133929]\n",
      "  [ 0.07886879 -0.03888367  0.99612638]]\n",
      "\n",
      " [[ 0.98646059 -0.02723242 -0.16172165]\n",
      "  [ 0.03257324  0.99900493  0.0304653 ]\n",
      "  [ 0.16073108 -0.03532061  0.98636604]]\n",
      "\n",
      " [[ 0.99724052  0.03443815  0.06576749]\n",
      "  [-0.02500827  0.98995263 -0.13917033]\n",
      "  [-0.06989946  0.13714156  0.98808211]]\n",
      "\n",
      " [[ 0.98731482 -0.03250981 -0.15541094]\n",
      "  [ 0.03776235  0.99880687  0.03096506]\n",
      "  [ 0.15421885 -0.03644095  0.98736447]]\n",
      "\n",
      " [[ 0.99998172  0.00346164  0.00495721]\n",
      "  [-0.00336216  0.99979556 -0.01993816]\n",
      "  [-0.00502521  0.01992113  0.99978893]]\n",
      "\n",
      " [[ 0.99611136  0.08676559 -0.0152937 ]\n",
      "  [-0.08795874  0.96944573 -0.22899398]\n",
      "  [-0.00504239  0.22944871  0.97330769]]\n",
      "\n",
      " [[ 0.99723746  0.07377517 -0.0086411 ]\n",
      "  [-0.07412634  0.98095758 -0.17952025]\n",
      "  [-0.00476758  0.17966485  0.98371633]]\n",
      "\n",
      " [[ 0.99499269  0.02090803 -0.09773637]\n",
      "  [-0.02616951  0.9982587  -0.05286513]\n",
      "  [ 0.09646087  0.05515814  0.99380726]]]\n",
      "\n",
      "--- L_Extrinsics ---\n",
      "shape: (20, 4, 4)\n",
      "dtype: float64\n",
      "values:\n",
      "[[[ 9.99748545e-01 -2.13897260e-02  6.73248065e-03 -2.74730832e+02]\n",
      "  [ 2.11169943e-02  9.99044552e-01  3.82629926e-02 -1.20779095e+02]\n",
      "  [-7.54448304e-03 -3.81112015e-02  9.99245024e-01  5.41730506e+02]\n",
      "  [ 0.00000000e+00  0.00000000e+00  0.00000000e+00  1.00000000e+00]]\n",
      "\n",
      " [[ 9.76220489e-01  2.16706431e-01  5.64619287e-03 -2.64084185e+02]\n",
      "  [-2.16776959e-01  9.75738390e-01  3.06976352e-02 -6.97631644e+01]\n",
      "  [ 1.14316783e-03 -3.11916250e-02  9.99512769e-01  5.39492820e+02]\n",
      "  [ 0.00000000e+00  0.00000000e+00  0.00000000e+00  1.00000000e+00]]\n",
      "\n",
      " [[ 9.98757849e-01  4.95075748e-02 -5.63550420e-03 -2.64091555e+02]\n",
      "  [-4.93102566e-02  9.98303088e-01  3.09748793e-02 -9.52439788e+01]\n",
      "  [ 7.15943240e-03 -3.06585157e-02  9.99504276e-01  5.28746612e+02]\n",
      "  [ 0.00000000e+00  0.00000000e+00  0.00000000e+00  1.00000000e+00]]\n",
      "\n",
      " [[ 9.99950992e-01  9.40977679e-03 -3.07729519e-03 -2.49400402e+02]\n",
      "  [-9.46681894e-03  9.99773153e-01 -1.90793431e-02 -1.10091017e+02]\n",
      "  [ 2.89706476e-03  1.91075402e-02  9.99813237e-01  5.24068973e+02]\n",
      "  [ 0.00000000e+00  0.00000000e+00  0.00000000e+00  1.00000000e+00]]\n",
      "\n",
      " [[ 9.96343639e-01 -7.68984470e-02 -3.72287725e-02 -2.40943390e+02]\n",
      "  [ 7.85841283e-02  9.95838369e-01  4.61571062e-02 -1.38140058e+02]\n",
      "  [ 3.35244303e-02 -4.89139298e-02  9.98240222e-01  5.27189554e+02]\n",
      "  [ 0.00000000e+00  0.00000000e+00  0.00000000e+00  1.00000000e+00]]\n",
      "\n",
      " [[ 9.99098884e-01 -2.85572397e-02 -3.13991159e-02 -2.46844470e+02]\n",
      "  [ 2.97428212e-02  9.98836406e-01  3.79631327e-02 -1.25034509e+02]\n",
      "  [ 3.02784578e-02 -3.88628218e-02  9.98785711e-01  5.27705650e+02]\n",
      "  [ 0.00000000e+00  0.00000000e+00  0.00000000e+00  1.00000000e+00]]\n",
      "\n",
      " [[ 9.99540374e-01  2.97122430e-02  6.01853812e-03 -2.49515911e+02]\n",
      "  [-2.95328147e-02  9.99172101e-01 -2.79808081e-02 -8.69786311e+01]\n",
      "  [-6.84492794e-03  2.77902030e-02  9.99590342e-01  5.25207009e+02]\n",
      "  [ 0.00000000e+00  0.00000000e+00  0.00000000e+00  1.00000000e+00]]\n",
      "\n",
      " [[ 9.94375193e-01  6.77065115e-02 -8.14481690e-02 -2.58025879e+02]\n",
      "  [-6.44540463e-02  9.97039676e-01  4.19232703e-02 -9.25574625e+01]\n",
      "  [ 8.40455344e-02 -3.64377959e-02  9.95795479e-01  5.09014888e+02]\n",
      "  [ 0.00000000e+00  0.00000000e+00  0.00000000e+00  1.00000000e+00]]\n",
      "\n",
      " [[ 9.83814393e-01  1.78854573e-01 -1.09673359e-02 -2.78688733e+02]\n",
      "  [-1.79126676e-01  9.79986502e-01 -8.68336852e-02 -8.21555901e+01]\n",
      "  [-4.78276059e-03  8.73927717e-02  9.96162451e-01  5.11660019e+02]\n",
      "  [ 0.00000000e+00  0.00000000e+00  0.00000000e+00  1.00000000e+00]]\n",
      "\n",
      " [[ 9.98529555e-01  5.35418378e-02  8.48527563e-03 -2.62209446e+02]\n",
      "  [-5.41908654e-02  9.81710052e-01  1.82506779e-01 -1.33667417e+02]\n",
      "  [ 1.44166800e-03 -1.82698238e-01  9.83167979e-01  5.32730656e+02]\n",
      "  [ 0.00000000e+00  0.00000000e+00  0.00000000e+00  1.00000000e+00]]\n",
      "\n",
      " [[ 9.98869350e-01 -4.48523312e-02  1.57572399e-02 -2.64502703e+02]\n",
      "  [ 4.60185438e-02  9.95425237e-01 -8.37310676e-02 -1.41885488e+02]\n",
      "  [-1.19296207e-02  8.43615223e-02  9.96363798e-01  5.13495866e+02]\n",
      "  [ 0.00000000e+00  0.00000000e+00  0.00000000e+00  1.00000000e+00]]\n",
      "\n",
      " [[ 9.98182754e-01  2.28548376e-02 -5.57570260e-02 -2.85719509e+02]\n",
      "  [-2.29828055e-02  9.99734491e-01 -1.65486988e-03 -8.36833291e+01]\n",
      "  [ 5.57044002e-02  2.93331546e-03  9.98442996e-01  5.08784358e+02]\n",
      "  [ 0.00000000e+00  0.00000000e+00  0.00000000e+00  1.00000000e+00]]\n",
      "\n",
      " [[ 9.92373322e-01 -9.18973043e-02 -8.21588428e-02 -2.36479906e+02]\n",
      "  [ 9.47359669e-02  9.95009018e-01  3.13392891e-02 -8.56719938e+01]\n",
      "  [ 7.88687933e-02 -3.88836718e-02  9.96126384e-01  5.09419515e+02]\n",
      "  [ 0.00000000e+00  0.00000000e+00  0.00000000e+00  1.00000000e+00]]\n",
      "\n",
      " [[ 9.86460594e-01 -2.72324191e-02 -1.61721648e-01 -2.56114442e+02]\n",
      "  [ 3.25732412e-02  9.99004930e-01  3.04652962e-02 -8.54019739e+01]\n",
      "  [ 1.60731080e-01 -3.53206125e-02  9.86366045e-01  4.80032386e+02]\n",
      "  [ 0.00000000e+00  0.00000000e+00  0.00000000e+00  1.00000000e+00]]\n",
      "\n",
      " [[ 9.97240518e-01  3.44381549e-02  6.57674857e-02 -2.31095699e+02]\n",
      "  [-2.50082694e-02  9.89952629e-01 -1.39170326e-01 -6.12925183e+01]\n",
      "  [-6.98994646e-02  1.37141557e-01  9.88082111e-01  4.94820304e+02]\n",
      "  [ 0.00000000e+00  0.00000000e+00  0.00000000e+00  1.00000000e+00]]\n",
      "\n",
      " [[ 9.87314819e-01 -3.25098070e-02 -1.55410940e-01 -2.06735183e+02]\n",
      "  [ 3.77623501e-02  9.98806873e-01  3.09650604e-02 -7.87316279e+01]\n",
      "  [ 1.54218847e-01 -3.64409453e-02  9.87364474e-01  4.82219054e+02]\n",
      "  [ 0.00000000e+00  0.00000000e+00  0.00000000e+00  1.00000000e+00]]\n",
      "\n",
      " [[ 9.99981721e-01  3.46164427e-03  4.95720834e-03 -2.75118211e+02]\n",
      "  [-3.36216043e-03  9.99795562e-01 -1.99381582e-02 -1.16574029e+02]\n",
      "  [-5.02521371e-03  1.99211268e-02  9.99788926e-01  5.26696409e+02]\n",
      "  [ 0.00000000e+00  0.00000000e+00  0.00000000e+00  1.00000000e+00]]\n",
      "\n",
      " [[ 9.96111357e-01  8.67655933e-02 -1.52936992e-02 -2.63706180e+02]\n",
      "  [-8.79587389e-02  9.69445728e-01 -2.28993975e-01 -8.59720121e+01]\n",
      "  [-5.04238675e-03  2.29448714e-01  9.73307691e-01  4.77818303e+02]\n",
      "  [ 0.00000000e+00  0.00000000e+00  0.00000000e+00  1.00000000e+00]]\n",
      "\n",
      " [[ 9.97237462e-01  7.37751694e-02 -8.64109967e-03 -2.48972853e+02]\n",
      "  [-7.41263405e-02  9.80957576e-01 -1.79520247e-01 -9.20757841e+01]\n",
      "  [-4.76758445e-03  1.79664849e-01  9.83716327e-01  4.89051965e+02]\n",
      "  [ 0.00000000e+00  0.00000000e+00  0.00000000e+00  1.00000000e+00]]\n",
      "\n",
      " [[ 9.94992692e-01  2.09080313e-02 -9.77363676e-02 -2.51762635e+02]\n",
      "  [-2.61695092e-02  9.98258701e-01 -5.28651348e-02 -1.27546854e+02]\n",
      "  [ 9.64608735e-02  5.51581355e-02  9.93807265e-01  4.82506186e+02]\n",
      "  [ 0.00000000e+00  0.00000000e+00  0.00000000e+00  1.00000000e+00]]]\n",
      "\n",
      "--- L_TransVektor ---\n",
      "shape: (20, 3, 1)\n",
      "dtype: float64\n",
      "values:\n",
      "[[[-274.73083237]\n",
      "  [-120.7790946 ]\n",
      "  [ 541.73050617]]\n",
      "\n",
      " [[-264.08418471]\n",
      "  [ -69.76316437]\n",
      "  [ 539.49281983]]\n",
      "\n",
      " [[-264.09155533]\n",
      "  [ -95.24397882]\n",
      "  [ 528.74661174]]\n",
      "\n",
      " [[-249.40040232]\n",
      "  [-110.09101695]\n",
      "  [ 524.06897262]]\n",
      "\n",
      " [[-240.94338961]\n",
      "  [-138.14005816]\n",
      "  [ 527.18955371]]\n",
      "\n",
      " [[-246.84447024]\n",
      "  [-125.03450895]\n",
      "  [ 527.70565024]]\n",
      "\n",
      " [[-249.5159115 ]\n",
      "  [ -86.97863108]\n",
      "  [ 525.20700875]]\n",
      "\n",
      " [[-258.02587897]\n",
      "  [ -92.55746253]\n",
      "  [ 509.01488802]]\n",
      "\n",
      " [[-278.6887329 ]\n",
      "  [ -82.15559013]\n",
      "  [ 511.66001899]]\n",
      "\n",
      " [[-262.20944638]\n",
      "  [-133.66741676]\n",
      "  [ 532.73065595]]\n",
      "\n",
      " [[-264.50270325]\n",
      "  [-141.88548781]\n",
      "  [ 513.49586587]]\n",
      "\n",
      " [[-285.71950858]\n",
      "  [ -83.6833291 ]\n",
      "  [ 508.78435835]]\n",
      "\n",
      " [[-236.479906  ]\n",
      "  [ -85.67199383]\n",
      "  [ 509.41951491]]\n",
      "\n",
      " [[-256.11444236]\n",
      "  [ -85.4019739 ]\n",
      "  [ 480.03238585]]\n",
      "\n",
      " [[-231.09569908]\n",
      "  [ -61.29251825]\n",
      "  [ 494.82030391]]\n",
      "\n",
      " [[-206.73518299]\n",
